0
83
74
48
67
40
41
41
13
13
5
96
32
75
92
1
91
14
97
50
91
86
82
11
90
44
25
36
9
64
83
0
3
24
14
89
30
43
33
2
32
16
62
3
45
52
11
43
22
66
55
89
39
84
34
29
69
46
83
19
74
3
0
43
40
54
30
17
66
3
82
75
38
47
3
92
42
93
33
95
11
1
12
70
51
90
73
84
34
53
48
24
43
0
15
16
11
26
74
66
3
98
53
54
63
71
29
4
6
9
24
25
28
10
84
95
8
16
39
10
67
14
40
15
0
20
78
24
86
77
9
68
92
18
38
82
0
33
16
53
50
13
27
41
8
10
64
4
63
97
40
89
54
16
20
0
92
14
84
84
23
55
44
56
12
37
59
1
81
88
94
39
80
18
76
25
85
98
93
62
41
30
30
11
78
92
0
34
41
17
27
84
31
86
35
95
9
32
78
60
16
49
72
94
20
61
85
30
4
88
41
43
17
26
24
14
34
0
33
79
2
94
56
80
85
95
87
25
10
77
73
60
13
6
63
24
77
54
3
39
13
33
66
74
86
84
41
33
0
78
46
76
19
2
50
11
67
35
71
49
15
74
33
78
5
49
67
59
39
93
13
2
3
66
77
84
17
79
78
0
6
44
92
90
74
21
10
52
61
95
29
70
13
27
88
5
88
37
40
5
5
32
82
3
9
23
27
2
46
6
0
31
94
41
15
99
66
37
38
27
99
64
79
54
59
73
75
72
48
54
96
16
75
98
68
55
84
94
76
44
31
0
91
99
98
41
98
51
90
0
83
81
95
42
66
69
97
96
87
15
32
62
38
53
92
44
31
56
19
92
94
91
0
97
52
96
34
35
57
59
42
63
22
50
34
41
91
79
58
23
75
3
47
54
18
56
86
80
2
90
41
99
97
0
39
44
4
45
52
67
94
18
53
18
27
38
21
68
88
47
92
45
3
63
38
12
35
85
50
74
15
98
52
39
0
52
87
27
83
82
97
94
99
64
57
66
88
73
27
52
1
52
92
71
82
37
95
95
11
21
99
41
96
44
52
0
55
40
63
56
79
95
81
83
86
80
86
70
21
59
91
11
42
29
0
59
9
87
67
10
66
98
34
4
87
55
0
53
95
15
88
60
16
70
46
57
78
64
90
83
14
43
93
4
33
1
32
25
35
52
37
51
35
45
27
40
53
0
70
5
53
67
23
10
56
87
27
5
50
6
97
22
33
6
16
81
78
10
71
61
38
90
57
52
83
63
95
70
0
60
35
83
88
69
73
79
86
65
54
9
50
66
95
9
53
88
60
77
49
95
27
0
59
67
82
56
15
5
60
0
29
43
45
65
8
95
54
0
37
8
91
55
11
24
50
94
16
73
15
29
99
83
42
94
97
79
88
53
35
29
0
11
14
55
89
75
26
92
17
83
86
89
1
25
13
39
49
60
74
70
64
81
63
18
94
95
60
67
83
43
11
0
92
64
6
44
43
30
46
75
82
39
12
28
27
80
72
13
33
13
79
95
22
53
99
81
16
23
88
45
14
92
0
96
39
76
40
25
12
17
11
84
70
10
41
18
94
6
78
27
54
42
50
18
64
83
70
10
69
65
55
64
96
0
76
0
60
91
37
87
90
34
51
84
8
76
20
63
5
88
59
66
34
27
57
86
46
56
73
8
89
6
39
76
0
5
10
99
9
80
44
29
90
95
10
25
61
24
49
5
73
69
41
38
66
80
57
87
79
95
75
44
76
0
5
0
84
44
66
15
25
69
73
8
64
85
85
77
67
88
75
97
91
21
88
86
78
27
86
54
26
43
40
60
10
84
0
53
44
93
36
46
84
16
4
98
30
54
59
37
72
96
79
68
73
70
64
5
65
0
92
30
25
91
99
44
53
0
89
83
9
83
34
39
63
93
4
3
39
40
48
87
58
88
27
21
90
50
54
37
17
46
12
37
9
66
44
89
0
46
64
19
53
10
97
62
88
39
93
5
54
15
23
47
52
59
83
6
9
8
83
75
17
87
80
15
93
83
46
0
