1056
1029
1056
1024
1023
1027
1050
1037
1020
999
999
995
1101
1072
1072
1056
1056
1057
1057
1057
1006
1006
992
975
970
970
970
970
970
1021
1022
982
982
1018
984
984
893
893
893
977
984
1015
1015
1015
1015
1015
1011
963
963
963
1019
974
912
912
939
939
966
966
1036
1036
992
1032
1032
1026
1032
962
962
962
962
944
937
944
944
900
900
858
964
964
942
946
946
946
946
987
987
968
968
954
946
988
1018
1018
986
975
953
986
895
895
895
922
922
922
922
922
922
922
922
922
922
922
922
922
922
930
862
864
873
873
976
971
968
948
984
985
985
958
964
949
908
949
947
947
912
912
912
912
912
912
912
867
843
843
914
908
908
942
927
927
927
927
927
920
885
885
944
944
944
944
923
909
909
819
899
899
899
885
885
856
909
909
909
909
921
899
899
921
891
891
891
891
891
955
668
668
668
668
668
668
668
668
843
843
843
843
843
941
909
818
818
818
818
818
818
804
804
804
936
936
929
936
896
896
896
742
879
893
924
924
924
782
782
862
938
893
895
895
895
895
868
868
844
844
866
866
866
891
818
818
818
818
836
836
836
836
836
836
836
836
932
932
932
862
945
893
953
886
953
902
924
924
898
931
905
867
911
872
872
872
860
895
895
895
895
895
911
825
825
825
825
825
825
825
825
826
826
826
826
891
876
876
876
750
750
750
750
750
750
750
750
821
823
907
838
838
916
880
865
825
825
825
825
825
825
825
825
923
928
896
779
868
868
868
821
743
743
743
743
821
878
878
917
917
894
864
832
864
864
790
903
920
920
920
920
914
931
940
915
894
894
892
894
786
890
901
901
901
901
954
876
853
853
816
816
816
816
816
816
800
887
883
892
823
823
894
876
872
891
885
875
875
875
821
821
821
823
833
833
833
815
815
815
887
865
865
734
734
734
731
889
792
792
868
830
830
856
831
858
858
858
858
878
878
878
878
844
876
876
859
876
877
861
861
861
861
861
880
892
842
883
907
851
851
937
910
942
875
915
942
915
915
870
830
783
844
820
844
844
844
908
853
841
868
884
884
883
865
865
865
818
818
818
818
782
839
839
869
862
862
869
830
847
748
748
748
853
846
846
846
853
853
810
853
853
853
823
823
711
711
711
711
711
789
789
789
828
828
828
828
831
802
