1089
1038
1038
1038
1038
1038
987
996
996
996
996
993
993
991
991
991
991
1012
998
971
991
991
991
955
997
1013
1016
1017
987
989
1005
1005
1005
1034
1034
957
957
957
957
957
991
1001
969
996
996
979
943
943
943
943
927
943
943
943
943
1026
1002
970
964
964
964
955
943
917
917
902
816
902
902
841
841
841
902
843
934
908
915
912
912
912
934
988
995
959
927
927
1026
1026
1000
969
935
935
938
938
956
956
923
832
923
923
923
923
923
886
923
923
999
998
981
974
935
974
974
947
971
971
906
906
906
929
977
977
965
942
954
945
945
945
956
1002
956
956
956
971
968
968
968
950
1010
985
985
980
970
970
970
1017
1014
959
936
956
1013
1012
1007
953
938
936
904
936
921
921
921
725
916
916
916
916
916
916
916
875
875
993
890
890
890
920
915
915
920
920
920
920
935
935
927
883
883
927
895
895
895
867
895
895
895
914
987
987
987
879
879
879
923
923
796
796
796
950
901
880
944
878
878
878
878
934
904
904
910
922
922
922
922
904
896
847
847
890
904
783
867
867
871
963
907
907
907
873
873
974
950
861
932
966
966
892
890
874
874
897
899
873
873
873
873
873
866
866
941
954
944
944
944
920
868
928
945
945
935
935
852
852
927
927
804
804
933
932
852
852
932
932
932
810
810
810
905
905
898
875
894
860
900
915
915
915
821
881
881
887
887
887
887
855
770
770
770
780
780
780
780
780
780
807
807
860
860
860
860
860
860
860
764
764
764
764
864
852
752
915
816
816
919
888
907
907
907
850
850
885
885
885
877
871
860
885
867
867
867
855
867
867
867
873
873
906
906
906
905
907
917
917
917
917
917
921
904
909
921
919
919
876
876
858
860
860
860
883
883
883
883
856
856
773
856
856
793
793
793
803
803
782
782
837
759
759
851
792
792
812
841
828
828
828
828
822
822
822
822
822
822
828
818
854
883
845
883
903
842
842
876
762
762
762
762
762
868
809
809
809
809
809
809
809
843
722
722
722
722
809
753
753
753
753
753
792
792
792
776
792
792
644
644
792
792
723
723
731
820
730
828
828
784
828
734
694
690
690
757
818
818
790
758
758
758
790
777
763
770
777
777
777
814
814
773
814
814
814
814
814
814
787
814
743
743
787
787
798
756
756
