1012
1052
974
1064
1044
1044
1044
1044
1028
1028
1044
1072
1072
1050
1050
1051
1051
1051
903
1073
1057
1039
1058
954
954
1018
1071
1016
1000
1000
1000
942
942
942
942
958
958
958
958
958
958
958
991
998
1045
1060
1060
987
987
987
987
915
890
915
915
915
1007
1036
1036
1080
1042
947
969
1087
1102
1061
1070
1070
1059
1067
1099
1034
1014
1021
1021
1037
1010
1010
1061
1061
1038
951
951
992
992
992
992
933
933
964
964
964
1029
1021
1017
994
1003
967
1002
999
1045
944
944
944
944
999
1000
1005
1005
1005
1007
1021
1021
877
1015
946
974
974
1002
1002
869
869
869
1039
1039
1039
1006
985
975
975
975
975
975
939
939
939
939
926
965
967
943
945
945
933
945
945
945
925
967
777
777
777
777
884
884
884
884
995
953
953
881
881
988
1004
943
1005
941
941
1025
1018
989
1029
995
995
951
951
951
951
951
893
905
922
922
922
963
943
943
963
872
919
919
919
980
980
871
992
934
992
992
933
1027
998
979
950
916
950
933
933
882
933
933
933
933
933
928
935
912
912
912
912
982
934
988
990
990
965
932
932
932
932
932
932
932
932
932
933
933
933
933
933
962
962
945
974
974
955
955
829
829
945
945
903
935
935
935
935
943
943
943
913
831
831
886
886
886
906
874
874
940
940
924
924
924
924
868
868
868
868
868
868
868
868
868
868
868
801
801
801
801
801
893
902
902
902
864
864
864
942
927
927
927
956
925
926
926
926
926
932
932
932
894
905
969
866
976
939
904
904
904
904
932
937
937
937
937
937
937
907
924
843
905
873
873
873
873
873
854
873
895
837
895
895
895
895
895
922
819
819
881
881
881
952
952
952
923
923
818
818
956
942
909
869
869
909
937
937
937
937
904
937
937
964
867
867
867
867
928
942
942
953
932
890
858
926
913
905
911
911
883
899
899
896
899
884
884
827
827
930
908
910
887
900
900
900
844
844
844
900
900
878
818
818
818
818
818
818
815
775
775
815
821
821
821
852
852
826
795
826
757
774
823
843
843
843
814
814
848
848
793
792
793
793
844
819
807
807
807
844
847
847
847
790
773
773
773
736
736
736
736
736
736
736
736
736
736
736
791
744
816
816
703
703
703
777
791
760
739
760
760
783
783
802
792
698
698
698
698
698
698
698
698
777
777
758
758
795
769
769
810
845
