1115
1036
986
1062
1045
1031
1003
1043
1043
1011
996
996
996
994
994
994
1064
955
954
954
917
974
975
1044
1044
1029
1055
1051
1009
1009
1008
988
984
1006
970
970
1067
983
1067
1084
1084
1026
1026
1038
1038
1008
997
997
971
971
971
984
953
896
969
911
989
989
989
989
989
1017
983
1039
1039
1038
1038
1038
1022
980
980
980
980
980
1021
965
974
991
991
973
973
973
1011
1028
968
894
1028
949
893
893
893
893
893
893
893
916
940
940
945
945
962
936
936
998
998
997
985
963
943
891
891
945
979
937
949
936
936
936
919
919
919
919
936
932
884
884
884
894
932
987
987
925
830
830
830
830
830
830
830
955
980
914
762
762
787
787
840
840
840
840
840
840
961
940
940
981
981
981
961
970
893
902
902
902
902
902
765
765
765
893
893
893
938
938
876
921
921
932
929
929
929
767
767
767
940
989
983
933
933
907
907
941
915
915
944
944
923
859
859
859
859
859
859
909
909
915
940
940
924
921
921
921
843
843
843
843
843
843
854
915
890
890
891
891
891
891
940
923
849
818
818
849
914
859
859
856
825
825
825
869
825
825
922
922
941
895
825
929
932
932
819
941
954
900
852
852
848
848
848
848
848
848
848
848
884
776
776
776
776
805
805
928
916
879
879
879
863
863
804
804
804
863
855
822
863
901
901
901
848
848
848
848
848
848
848
848
848
837
837
837
837
831
831
837
837
849
850
906
862
867
856
856
849
954
901
877
877
887
887
887
887
887
887
863
863
863
817
817
828
828
793
793
704
704
704
704
704
704
704
777
777
831
831
887
887
887
843
843
862
840
843
875
898
819
863
836
836
836
836
836
789
789
789
789
863
863
894
835
899
917
909
861
814
856
796
796
796
804
804
804
804
804
829
830
830
830
830
814
869
775
805
805
820
828
845
841
833
830
833
833
713
713
844
867
813
828
828
848
848
803
803
803
803
745
665
665
665
665
665
717
719
719
790
796
796
796
817
782
782
812
812
675
675
632
632
828
822
733
783
748
747
747
747
791
791
816
797
797
708
708
708
772
794
714
714
714
714
696
714
714
714
714
714
714
776
776
769
776
780
780
716
716
716
661
661
661
661
661
768
736
736
736
734
730
734
746
761
727
727
727
727
727
729
729
807
774
774
807
785
785
