1069
945
1084
1055
1055
1055
976
966
966
966
966
966
966
1026
1017
1017
996
996
996
996
1023
903
1021
1023
1023
1023
1023
919
919
1000
1000
1000
1000
1000
948
948
948
1000
1000
1032
1031
980
980
1024
1019
1019
1019
1019
1019
1019
1019
918
1019
1003
1003
959
959
907
907
907
907
907
907
871
871
916
950
950
950
950
950
951
906
906
940
940
940
940
964
917
922
922
825
825
899
899
899
899
899
899
784
899
936
936
936
936
913
936
936
936
936
889
936
992
824
950
948
931
858
858
858
858
858
858
878
878
907
907
957
957
937
937
912
937
939
939
918
882
882
918
918
924
927
927
927
927
927
911
911
906
907
902
902
880
902
902
902
902
925
844
880
916
826
826
840
903
903
886
886
886
886
907
907
907
907
970
895
948
914
960
960
955
884
931
968
909
916
820
920
920
944
911
911
911
911
911
911
911
905
905
911
940
947
947
956
956
944
944
880
943
943
943
943
922
802
909
909
909
946
923
932
964
892
892
892
892
892
892
902
902
902
902
902
836
836
836
871
885
902
941
920
920
920
921
905
905
912
912
849
839
839
839
840
840
840
840
840
836
885
875
875
863
875
894
853
877
877
869
905
905
919
919
919
919
905
905
905
878
874
874
905
905
905
905
906
906
931
898
932
798
906
906
933
892
854
955
955
955
955
895
895
895
910
910
866
866
889
908
908
875
875
859
930
930
933
917
953
867
939
939
921
915
842
842
842
842
842
881
846
846
881
801
881
815
862
861
861
861
861
857
861
829
813
813
794
794
861
817
817
817
795
823
855
872
761
761
761
761
761
822
811
811
811
811
826
826
826
800
800
800
828
796
796
796
796
796
799
799
799
799
822
842
836
783
783
694
694
843
843
784
784
784
784
817
859
803
811
811
719
719
719
719
812
790
790
750
750
750
761
754
754
759
761
761
722
722
667
722
713
713
724
761
761
761
768
765
765
759
768
727
700
700
700
700
700
700
700
700
700
576
576
576
576
576
576
576
576
561
602
689
689
725
725
718
722
721
613
721
721
738
738
612
612
703
703
703
711
711
711
716
716
716
716
645
645
645
645
645
645
711
711
697
653
653
711
711
711
711
711
708
708
708
708
745
745
743
745
748
735
764
765
741
685
685
736
736
736
736
766
766
768
768
699
690
740
719
719
719
719
719
734
754
754
729
729
729
773
773
709
703
703
748
758
614
614
759
738
738
738
721
721
703
703
688
688
714
752
752
690
752
634
633
711
700
711
715
709
709
700
700
629
723
694
694
677
677
690
627
686
686
686
677
677
677
677
677
635
695
695
695
641
641
658
658
668
668
668
679
636
630
597
630
630
630
645
645
617
645
683
683
690
620
658
658
644
624
624
624
624
693
677
677
677
677
674
674
677
659
681
681
686
689
668
668
668
652
652
643
643
643
643
662
656
676
683
683
622
622
622
622
622
663
663
568
568
671
666
666
680
680
641
646
583
566
566
566
566
648
648
658
658
629
629
595
572
572
572
572
572
572
572
591
611
598
598
549
549
575
575
518
518
575
518
575
575
579
579
579
579
579
595
595
595
595
595
609
582
582
582
582
582
582
589
588
570
617
599
623
575
575
575
597
597
534
534
534
534
534
534
534
554
554
554
554
554
554
554
554
554
554
505
594
592
594
540
540
540
609
609
609
589
561
589
589
589
596
584
598
563
563
563
582
582
598
598
596
596
570
596
596
580
591
570
534
534
534
534
534
534
546
506
544
544
509
544
544
544
544
509
544
544
544
544
544
544
544
588
585
538
564
589
581
513
513
513
513
532
534
581
580
572
540
533
564
567
556
519
519
555
514
514
514
514
511
511
511
511
493
493
489
489
489
489
457
489
489
485
506
506
506
506
485
503
506
506
506
500
485
500
500
485
485
485
476
476
500
480
494
468
468
468
468
468
468
506
506
506
468
506
506
506
522
522
522
512
522
521
520
519
519
519
493
493
515
500
500
515
461
518
515
491
499
499
499
506
506
506
503
503
500
500
490
490
490
490
490
490
490
503
512
511
511
519
519
519
484
484
484
472
456
472
504
510
510
510
510
477
472
472
496
496
496
470
473
478
468
468
468
468
468
468
485
485
453
453
453
453
453
453
453
453
453
453
453
453
451
453
451
463
463
463
462
462
462
463
463
463
463
463
463
463
463
463
463
463
463
463
463
463
463
463
445
462
463
463
417
417
417
417
462
417
417
431
431
431
431
431
431
445
453
453
441
431
431
431
431
431
431
419
419
419
437
437
437
438
449
378
378
378
378
