1097
1097
1052
920
1032
932
1109
951
951
1053
1011
953
1011
1004
1004
992
992
1045
1011
985
917
917
917
871
871
871
871
917
967
967
1022
923
923
1029
1008
1008
995
995
999
1017
880
893
893
893
922
922
936
1001
945
1001
998
976
1001
919
990
848
1001
1000
1022
1061
992
992
992
992
992
963
928
992
957
957
957
957
996
996
996
986
986
986
968
968
1012
980
980
1001
1001
979
979
979
975
954
1015
991
991
991
960
886
960
960
960
973
927
927
961
991
993
992
991
992
992
895
895
836
836
1010
942
942
942
942
942
942
958
964
882
920
920
928
928
929
929
929
929
968
895
895
895
931
895
931
970
970
1002
998
979
940
940
979
1001
1001
1001
1038
1013
1013
935
935
935
942
972
972
1012
925
962
962
962
992
992
860
921
929
954
980
980
980
941
940
940
940
970
959
941
941
939
939
939
955
955
955
896
896
896
937
937
985
979
980
980
980
980
1017
1018
955
955
955
956
987
965
956
965
965
944
944
944
899
965
944
944
944
947
909
909
909
947
947
937
877
907
817
817
817
933
933
913
933
933
933
855
837
861
865
820
820
855
845
845
845
845
965
805
805
943
943
878
776
875
878
878
878
865
931
928
928
946
991
955
955
976
976
976
976
976
940
941
992
947
947
908
908
819
819
819
865
814
865
865
930
930
753
906
906
933
962
962
883
883
883
974
969
980
943
993
894
866
866
866
917
917
917
917
917
917
887
873
833
833
833
857
982
951
944
992
796
862
862
894
882
861
835
861
861
861
925
892
937
894
930
931
931
913
936
952
862
925
915
915
915
915
915
915
947
921
921
895
961
992
1019
846
846
846
956
956
956
933
784
862
862
871
871
871
871
853
853
764
764
764
946
841
841
832
841
875
890
890
921
927
902
924
909
874
874
874
870
870
870
870
874
903
846
823
823
823
823
823
846
846
846
846
846
803
803
870
798
798
764
764
715
764
764
884
892
817
888
917
808
808
808
808
772
772
772
772
820
859
859
859
828
828
896
911
842
842
892
881
881
908
870
870
870
870
870
870
870
870
870
870
849
873
873
849
776
776
809
809
754
754
754
797
790
790
790
809
830
830
716
716
824
840
840
840
845
845
845
839
839
839
839
829
888
923
778
778
801
859
710
710
858
847
847
836
864
791
828
828
858
841
846
831
831
843
839
839
826
822
826
791
791
791
791
848
846
800
800
800
737
737
848
888
838
847
842
847
850
829
813
813
813
735
735
735
735
735
748
748
748
748
748
748
748
814
821
848
878
878
736
736
803
837
860
833
866
861
682
682
834
748
819
819
808
807
797
830
801
801
817
803
803
799
761
803
802
802
795
761
789
765
765
808
796
814
744
778
817
738
698
722
764
805
809
829
829
829
824
727
727
758
787
787
787
787
689
689
703
703
703
759
777
810
817
834
789
744
744
834
764
725
725
725
725
725
725
725
725
725
770
674
674
766
767
710
710
678
678
678
682
682
682
682
682
659
659
731
731
731
731
731
731
731
731
781
759
796
784
803
812
750
750
752
759
793
669
669
669
669
669
692
659
659
659
659
659
659
659
659
659
659
659
635
635
665
712
740
740
740
740
740
684
718
718
718
673
673
669
759
758
709
709
731
731
692
764
730
742
734
677
677
722
742
744
744
744
722
687
687
687
719
738
735
676
676
717
737
717
677
627
627
627
722
722
722
729
737
668
713
704
704
704
692
688
688
692
625
625
557
557
557
613
613
601
583
601
601
601
601
601
687
657
586
586
586
586
657
683
598
665
641
641
641
656
688
619
619
653
702
693
671
671
628
686
640
640
640
624
640
653
612
653
612
611
570
570
570
570
586
586
660
660
614
614
614
643
643
643
643
643
654
628
628
628
628
628
628
584
584
584
581
581
576
576
640
670
620
650
611
635
539
539
539
646
648
617
615
615
615
615
615
615
615
615
609
616
605
604
605
605
605
641
642
642
604
643
642
613
628
640
613
605
593
593
581
581
566
566
566
561
581
631
566
566
566
566
566
566
632
598
584
584
594
580
580
580
568
568
568
628
628
628
601
601
560
560
500
500
500
500
601
601
601
601
601
601
601
600
576
584
584
584
549
575
567
517
517
517
433
433
433
433
433
549
567
567
551
537
524
524
524
503
503
524
524
523
544
541
539
506
506
506
424
424
424
506
506
506
498
498
498
444
444
498
498
498
522
516
516
516
491
515
519
519
519
526
497
486
486
528
503
506
506
506
514
435
435
435
435
466
466
466
481
487
487
508
411
411
411
411
411
411
411
411
411
411
411
474
