1074
1074
1090
1102
1102
982
982
982
1065
1065
935
935
967
932
932
932
932
1053
1055
1032
988
1013
1013
1018
1018
1055
1055
1022
1022
1008
1008
1025
966
966
966
966
966
966
966
966
966
954
960
960
976
950
919
919
919
919
919
961
961
961
961
961
867
1017
936
936
936
936
936
936
911
911
963
951
951
972
972
972
972
1022
1022
1022
1022
898
898
1014
961
961
967
865
928
1014
1033
1033
960
962
962
962
881
881
986
996
994
994
994
1000
993
984
976
973
973
962
958
990
990
990
1033
1040
987
1002
1031
1000
1011
1011
995
999
954
954
954
954
1017
1013
986
986
975
962
962
962
962
967
954
959
959
959
959
959
956
957
959
959
959
982
969
969
987
991
991
936
991
991
944
944
944
944
944
941
865
865
865
961
915
824
773
824
824
857
858
897
885
938
938
943
943
943
920
877
819
878
878
878
878
878
901
901
901
906
906
916
871
871
915
915
907
962
923
923
923
935
869
869
869
914
914
855
855
786
786
786
786
786
786
786
839
839
839
839
839
806
806
806
806
839
839
915
892
892
892
866
866
866
866
866
904
920
841
920
920
942
914
933
933
860
908
908
889
889
871
871
871
871
893
893
893
893
893
882
882
882
882
889
889
889
889
944
920
998
981
966
869
937
937
889
889
889
955
885
885
885
898
898
868
868
868
904
815
904
910
925
925
935
935
853
883
924
889
889
889
889
890
890
890
890
890
890
890
890
907
847
847
857
865
865
890
923
905
923
916
859
859
859
859
899
824
824
824
824
897
897
852
851
851
851
851
851
851
714
714
714
714
760
778
778
839
839
839
839
839
852
847
847
792
724
724
724
772
797
797
792
792
792
792
836
836
873
905
857
857
782
782
782
782
782
782
842
919
884
854
854
854
931
894
873
824
873
873
922
922
924
948
902
909
812
812
848
856
743
869
872
872
766
766
766
766
766
804
843
709
787
842
878
848
848
848
798
798
798
784
784
784
834
834
834
834
834
721
721
712
712
712
824
840
626
626
626
626
626
836
836
836
784
784
784
784
784
784
754
764
767
767
767
784
800
726
725
725
735
824
784
784
784
824
829
827
827
779
779
779
779
779
779
779
780
780
808
808
808
808
808
808
814
801
801
801
770
770
815
779
779
779
779
786
786
786
805
773
773
