1094
1054
1051
1085
1066
1066
1066
1066
1066
983
995
1050
1050
1050
1047
1084
1031
1085
1085
1039
986
1018
1018
1018
1039
1031
1040
1040
1019
1019
990
990
990
1006
1006
960
959
960
960
960
1036
979
1000
979
1013
1013
1045
1031
1071
1070
1074
1074
1087
1020
1020
1020
1047
1050
1008
1008
1015
1053
1018
999
940
940
940
909
940
920
920
1004
1004
983
983
983
983
983
983
983
983
940
940
983
895
895
895
895
895
970
977
963
954
954
954
964
964
964
964
927
927
927
927
1019
936
936
983
983
996
944
985
965
872
872
872
967
989
981
981
981
981
1024
925
925
960
943
943
943
878
878
878
917
917
943
871
871
871
871
871
871
871
921
933
951
951
952
972
972
938
979
969
951
994
949
897
897
913
913
921
962
964
972
964
933
909
929
922
922
922
907
907
946
923
897
864
897
897
916
921
921
921
921
891
891
902
857
792
877
877
877
877
877
884
884
884
849
849
858
858
858
905
905
905
863
910
912
912
912
949
893
866
866
893
893
893
927
886
886
901
901
849
836
849
849
882
859
859
899
789
899
908
814
814
814
814
814
814
814
906
872
903
939
924
887
809
809
809
791
791
923
885
925
925
858
858
865
874
874
874
804
804
804
804
766
766
766
766
766
749
749
749
749
855
856
856
881
881
893
912
844
844
844
844
844
912
700
700
700
700
825
825
888
859
845
845
839
870
895
890
885
885
926
926
880
880
870
870
870
879
866
872
739
863
869
788
869
823
767
767
767
767
828
828
805
805
805
811
811
808
811
811
811
831
898
898
877
873
865
865
775
775
775
775
877
877
877
877
868
869
869
857
820
820
869
880
843
843
816
816
816
874
857
842
842
842
802
768
768
768
881
881
881
881
792
816
709
709
709
709
709
709
816
816
816
816
807
835
803
644
644
803
803
789
880
771
771
771
828
807
807
839
839
850
850
830
875
837
837
889
794
794
797
797
797
819
819
820
802
851
867
850
850
780
842
768
807
798
844
844
844
844
860
869
879
851
887
892
852
843
793
793
758
859
823
859
859
859
879
827
778
821
758
728
728
874
853
682
797
797
754
754
754
797
788
797
797
797
797
835
808
808
763
763
763
763
763
802
765
729
729
729
765
765
828
792
792
792
792
792
868
766
776
777
777
777
777
867
848
848
811
