1114
1080
1039
1039
1039
1039
1039
1039
1039
1076
1104
997
997
1052
1004
1011
1011
1011
1011
1094
967
1035
1035
1035
1035
1068
1068
1030
983
983
983
983
947
1028
1028
1022
1029
1029
995
1005
883
883
883
883
883
854
883
1040
979
979
979
979
979
979
912
912
912
912
912
912
912
939
939
939
939
939
939
1032
1019
990
951
1019
1019
1019
972
997
974
974
974
912
938
964
964
1013
960
956
920
920
920
930
930
930
930
942
963
963
888
892
944
911
999
999
965
927
965
998
860
860
985
985
985
985
984
950
937
918
918
973
973
979
965
924
924
965
965
1000
1000
940
940
816
933
975
943
943
975
938
875
875
979
968
924
977
931
931
924
924
924
889
889
924
988
988
988
960
960
975
988
925
944
867
933
889
939
889
889
889
889
939
877
850
891
891
891
891
932
932
886
900
922
922
922
922
771
928
928
882
906
906
911
850
850
850
773
850
850
850
958
897
885
843
924
846
924
938
960
942
914
838
838
914
880
880
880
880
880
880
880
880
880
875
875
875
875
923
923
906
900
881
902
902
847
902
902
936
931
934
876
802
924
887
883
887
898
898
898
877
898
898
898
919
865
865
853
853
853
727
727
727
727
727
853
853
841
841
841
841
840
914
914
914
874
928
920
928
931
935
876
844
838
844
790
812
937
862
896
896
879
896
896
885
890
902
801
801
861
846
846
853
859
859
859
806
806
904
904
849
849
880
853
845
815
820
853
853
853
853
770
770
770
770
770
770
889
856
889
904
880
872
838
785
785
810
810
810
810
810
810
810
810
810
810
866
866
866
866
736
757
757
757
757
757
757
759
749
749
749
758
790
790
790
800
800
749
791
791
791
791
789
812
793
777
777
756
777
777
786
747
747
747
747
779
779
769
779
779
779
801
806
795
795
795
806
715
715
715
767
767
764
773
773
772
764
771
771
816
809
809
728
728
728
738
738
751
751
757
739
739
757
758
746
752
743
743
743
688
750
750
750
750
750
757
757
757
757
778
767
767
819
819
807
826
755
755
678
699
699
774
763
761
761
761
780
780
792
764
792
792
792
755
741
741
741
741
741
741
741
785
703
703
703
703
703
747
750
750
717
717
681
681
713
717
718
708
708
716
716
717
717
717
717
705
705
705
705
717
717
684
643
684
684
681
697
625
709
705
705
705
705
705
705
705
705
747
746
729
729
662
722
725
691
729
729
729
736
663
663
668
692
692
692
692
692
692
626
619
619
619
673
636
563
563
679
653
655
655
655
655
655
649
655
655
586
586
586
685
692
630
685
689
631
631
634
634
634
595
634
634
634
634
580
580
659
621
608
621
621
613
613
613
613
613
613
613
675
675
637
615
615
615
647
652
664
664
612
654
654
644
644
629
629
629
606
606
606
702
666
585
585
585
585
585
585
600
600
610
610
585
585
585
585
585
607
607
611
609
618
526
526
526
526
604
604
604
604
604
528
528
528
528
528
528
528
528
528
528
528
528
528
528
528
528
528
528
545
545
564
616
616
625
625
625
610
530
530
530
530
530
530
530
530
530
530
530
530
530
530
530
530
530
530
530
530
530
589
549
582
573
560
560
548
548
573
573
563
546
540
498
511
511
511
511
511
524
524
524
524
524
524
491
491
491
446
446
446
446
446
446
446
446
446
446
446
446
446
446
466
466
466
466
466
466
466
466
466
466
466
466
466
466
466
466
466
466
466
466
466
463
466
466
466
466
497
497
497
497
501
501
501
486
503
503
547
503
503
503
543
478
482
482
482
491
491
491
551
482
551
539
539
539
539
539
535
539
539
550
532
532
461
519
519
515
519
535
506
506
506
506
506
490
506
506
506
506
515
515
541
554
509
452
452
452
489
489
481
481
481
481
481
481
481
481
481
481
481
542
534
492
514
527
533
511
505
505
508
505
505
505
499
528
544
528
502
502
502
488
496
502
496
496
496
496
476
476
476
476
476
476
476
521
504
518
527
527
527
498
498
498
498
517
517
478
478
452
452
470
470
470
470
470
470
470
470
470
470
470
470
470
452
470
484
484
473
473
473
473
473
450
450
413
413
450
450
456
456
456
456
456
456
456
456
456
456
456
456
456
447
456
456
409
409
451
451
456
502
420
489
485
443
443
443
443
443
443
443
443
483
472
436
433
433
433
405
405
433
433
433
386
386
369
398
398
398
398
398
399
399
399
399
399
399
399
412
424
424
424
424
428
428
428
428
410
404
404
404
404
397
395
395
395
350
397
397
397
397
397
397
395
395
379
379
379
379
397
369
395
395
397
336
336
397
