1137
1000
1000
1106
1106
1106
1101
1007
1007
1007
1007
1007
1007
1007
979
979
968
968
968
968
968
995
1001
1001
1009
1009
1022
1022
1022
1039
1039
1046
1059
1003
1003
1003
1047
1039
968
929
929
967
967
967
967
967
967
967
967
967
918
918
918
918
918
918
969
999
913
913
913
1020
961
1020
1005
799
799
961
961
961
928
928
949
886
949
949
926
926
911
911
911
993
978
978
978
978
946
946
936
905
905
905
877
877
877
877
877
859
942
952
952
952
952
882
1002
976
1002
1002
952
1002
1051
1020
975
982
957
957
969
976
976
976
949
840
907
907
907
888
903
903
897
897
946
946
939
931
890
890
890
890
944
872
872
902
835
835
835
835
835
835
902
902
906
906
906
942
903
895
895
895
895
893
893
895
895
919
941
962
971
940
940
878
878
878
957
957
926
926
948
956
927
927
927
873
886
875
887
887
885
830
888
888
905
936
870
969
923
822
923
923
903
903
891
882
891
927
856
856
856
856
856
854
863
863
863
863
838
911
911
911
911
848
848
824
886
898
898
938
938
767
921
914
914
925
877
877
881
881
881
881
881
746
746
746
746
746
838
897
838
838
838
838
866
706
706
775
775
883
838
838
930
921
921
921
904
898
852
794
898
894
865
894
844
844
844
806
894
856
856
878
900
892
892
900
871
829
864
864
863
871
868
833
923
923
942
848
848
848
848
864
864
864
864
873
876
828
828
828
872
848
778
778
778
857
888
773
773
773
834
834
869
869
873
852
890
869
869
869
842
874
874
792
835
835
863
784
819
819
769
769
808
808
814
814
814
817
817
817
814
817
817
803
803
802
803
803
803
803
784
801
801
801
807
776
776
776
776
864
856
818
788
788
788
839
839
854
812
812
812
812
812
786
786
786
786
711
705
711
711
711
711
757
757
748
748
748
748
819
819
811
742
811
811
767
767
770
726
726
778
831
813
813
788
770
753
753
803
740
803
667
667
803
776
791
783
783
771
771
744
782
701
701
701
701
701
723
723
695
695
754
754
737
725
757
732
728
728
767
740
701
694
694
702
702
723
667
717
717
734
734
712
735
715
721
720
720
705
705
723
723
723
703
671
701
701
701
701
701
652
652
652
652
685
685
685
755
735
735
670
762
699
756
756
719
718
705
732
732
740
719
740
703
