1086
1133
1107
1107
986
986
986
1054
1030
1030
1030
1030
1013
988
988
976
976
976
976
976
976
976
976
987
987
1033
1033
1023
1023
1023
1023
983
942
942
991
991
974
974
974
974
974
974
974
1004
1011
1011
972
961
961
934
934
991
991
974
973
973
974
974
974
934
978
978
978
978
919
919
960
960
960
997
997
939
951
1005
1000
963
963
1000
1007
1009
1009
1007
973
973
973
973
984
977
992
906
898
898
898
898
898
898
898
898
1012
1012
979
979
979
994
1013
1011
975
961
961
909
909
909
909
968
934
934
934
996
996
1002
994
994
994
917
917
948
895
850
850
960
1004
1028
1013
968
968
964
954
870
870
954
913
986
1013
922
922
940
940
957
947
939
939
939
933
834
834
834
935
935
935
935
935
916
898
898
914
914
860
860
836
836
836
836
836
836
836
836
798
798
919
919
916
919
919
919
919
916
916
916
900
864
829
829
829
829
876
876
924
891
891
891
891
891
891
891
837
922
922
922
919
824
824
919
846
843
843
843
894
894
904
904
904
930
930
837
837
837
859
891
917
917
908
832
832
832
917
917
830
830
830
830
884
884
884
877
865
865
860
860
923
954
947
947
931
931
957
919
919
865
942
962
901
969
969
939
977
921
921
921
977
960
920
910
910
945
929
953
953
871
871
980
947
947
947
947
920
885
882
873
873
795
853
853
853
879
879
879
879
901
901
874
874
874
829
874
936
799
799
799
799
799
799
799
799
799
799
799
823
823
823
823
844
844
918
918
905
831
982
982
995
943
735
735
935
737
737
736
736
697
697
697
697
697
781
784
784
784
784
784
784
784
793
793
793
775
775
837
872
872
872
872
872
857
866
782
782
782
869
832
832
832
798
802
856
857
857
858
852
855
855
840
840
827
857
816
816
821
729
729
816
847
857
831
846
846
846
817
749
749
749
749
749
788
815
815
815
815
871
817
817
886
889
818
776
776
847
880
874
839
794
839
852
852
891
885
832
832
832
832
865
770
770
770
814
840
817
817
817
817
817
817
775
832
796
775
775
775
829
818
818
818
798
726
726
700
798
668
806
806
847
814
814
853
853
853
813
773
773
739
739
739
739
739
719
762
693
693
693
693
693
693
693
693
718
718
718
702
702
702
702
677
702
693
748
701
701
700
746
746
746
735
