1030
1030
1030
1030
1030
988
988
1064
1087
1066
1066
1051
1023
1051
1051
1042
1042
1027
1067
1067
1067
1068
1057
1059
1080
1096
1002
1040
1040
1040
1009
1009
1009
1047
1039
1039
997
997
997
1038
1038
1050
989
1074
1074
1011
1062
999
1053
968
932
956
1050
1035
949
1027
983
983
983
983
992
1034
1034
1034
979
1006
1006
939
939
939
939
967
995
996
996
996
1023
1005
1005
1005
1013
925
925
925
925
925
843
843
925
925
925
1060
983
965
965
965
965
980
956
956
956
956
956
956
959
980
980
980
981
856
856
831
831
831
908
908
908
920
920
1013
1005
1013
1012
980
915
915
915
859
915
915
923
923
931
946
946
932
964
978
883
883
883
883
883
883
883
965
965
917
917
886
886
886
886
902
902
902
952
905
905
905
956
951
770
770
747
747
747
747
917
926
904
903
888
888
975
947
947
947
915
915
915
977
877
938
938
938
939
881
908
925
956
972
873
873
873
873
873
804
836
836
887
952
952
919
919
867
867
895
919
919
919
865
865
865
924
924
804
804
804
856
856
903
804
759
804
898
824
903
903
958
883
883
878
878
878
878
878
890
890
935
938
950
950
892
892
811
811
811
874
874
874
883
944
917
929
975
990
947
886
877
877
877
802
877
860
875
951
815
815
815
815
815
815
920
920
920
920
920
950
931
929
879
931
857
857
879
879
878
878
793
793
909
899
909
900
901
924
848
805
899
932
906
906
925
925
936
847
847
847
847
847
847
864
844
840
840
840
882
882
839
830
830
830
837
851
823
823
851
859
802
802
829
775
779
823
823
782
782
805
785
785
798
798
798
776
818
818
825
815
781
781
781
809
735
735
770
781
801
801
801
801
792
753
792
792
799
801
766
766
766
766
828
828
806
836
812
791
791
791
827
817
780
780
780
766
766
746
775
775
761
761
766
766
766
742
742
742
728
728
728
728
728
728
743
683
683
683
683
683
683
683
715
727
727
716
716
716
723
692
705
663
663
663
663
652
652
659
659
683
683
683
667
717
686
673
673
673
676
676
566
566
566
629
629
599
461
461
461
461
461
461
461
624
624
624
647
682
682
679
682
630
630
630
618
618
664
678
625
623
623
623
623
633
633
582
582
639
639
632
575
607
607
607
607
625
625
625
613
583
583
583
649
631
633
637
637
651
651
642
642
642
642
642
642
646
603
603
636
636
538
651
645
651
603
603
573
573
573
603
630
630
656
634
578
634
658
603
603
652
593
593
637
611
619
619
571
637
628
627
593
523
590
590
617
548
548
579
579
554
554
579
579
573
573
583
583
583
583
583
583
545
596
596
570
570
590
553
553
471
553
459
459
459
459
459
459
459
459
535
535
535
535
535
573
555
538
538
522
522
522
522
522
534
546
437
437
437
437
546
551
517
517
517
517
474
515
517
522
516
516
516
516
516
516
532
566
533
518
537
499
499
499
499
499
499
499
499
464
464
464
464
514
497
547
497
493
518
518
424
515
515
515
515
515
515
515
515
515
515
515
515
515
515
532
515
515
484
515
515
513
542
510
537
515
519
519
519
525
525
525
537
537
532
532
529
532
534
534
510
512
537
537
536
503
503
487
487
487
487
452
452
452
452
533
446
446
446
446
446
524
507
496
496
496
496
496
496
495
485
495
495
495
485
508
468
468
468
448
448
448
448
448
455
468
468
468
468
468
468
485
485
464
464
473
483
463
463
463
462
462
462
456
456
459
456
442
442
442
442
442
443
442
435
435
393
393
393
434
434
428
428
428
406
406
406
406
434
434
434
406
434
434
434
424
424
424
424
424
424
424
424
422
422
422
424
424
417
424
424
422
424
424
417
417
424
424
427
425
425
449
449
424
424
424
444
444
444
422
422
449
454
434
434
434
434
434
445
430
430
427
427
430
430
430
430
450
457
457
433
433
417
417
417
422
422
422
422
422
369
408
408
420
416
416
421
424
424
424
424
424
424
424
424
437
424
411
411
424
427
417
405
417
400
400
417
401
400
400
358
400
400
401
405
385
385
385
385
385
385
385
385
385
405
381
381
381
380
380
380
380
380
380
380
380
380
380
380
358
400
380
380
380
380
380
385
407
414
380
380
380
379
379
365
365
361
361
388
380
365
365
385
365
335
335
335
335
335
358
358
358
378
328
328
358
365
365
365
376
365
365
365
365
328
328
358
358
358
358
358
358
358
358
358
358
358
358
358
358
358
358
358
358
358
358
358
358
358
335
335
335
335
335
335
335
335
335
335
335
335
335
335
335
328
335
335
335
335
335
358
335
358
358
358
358
358
358
335
335
335
335
