1126
912
982
1044
1000
1000
972
972
987
987
947
947
947
947
1025
1025
1034
1034
1034
1034
948
889
889
889
1024
1054
1054
991
1041
1048
1038
1048
1048
1031
1050
1059
1059
1018
1045
1045
906
906
906
906
969
1082
1085
1076
1078
1078
1041
1054
1048
1048
1025
1041
1032
1028
1028
1041
1024
996
971
971
971
956
910
910
845
929
775
775
775
775
775
775
775
775
775
775
931
931
931
931
927
937
986
971
971
930
930
943
943
958
953
953
954
954
928
928
928
928
920
907
907
907
907
907
907
907
907
907
895
895
875
895
895
895
923
923
923
927
927
927
927
927
839
839
839
839
894
894
941
941
941
898
898
898
898
907
915
915
915
915
824
824
924
924
977
987
987
971
971
975
958
961
935
845
845
888
928
993
903
903
951
951
960
1010
999
982
921
946
963
966
966
916
916
878
916
948
880
880
880
953
959
959
959
936
936
900
900
900
900
900
900
900
900
900
900
795
901
901
901
876
889
877
877
867
878
832
948
918
948
888
888
945
871
949
949
949
919
919
919
919
919
895
896
896
790
790
938
945
945
961
965
838
838
838
838
838
838
838
944
965
916
916
916
916
815
913
913
913
913
908
908
907
907
846
831
831
901
901
917
917
917
917
917
915
904
915
961
915
877
877
877
921
826
826
826
826
826
826
844
844
947
925
925
900
857
942
942
942
898
939
941
868
909
909
901
880
853
853
880
885
885
864
856
864
864
896
896
896
908
908
871
871
900
873
863
900
899
899
854
854
854
854
784
784
784
728
728
784
863
799
799
789
789
789
892
876
867
867
867
836
818
818
812
818
818
818
818
865
865
865
835
835
835
830
861
861
838
838
838
861
861
853
853
836
836
853
853
853
858
858
782
761
782
772
738
811
756
756
756
756
756
756
836
822
822
805
805
790
822
784
784
784
832
832
802
783
766
775
783
788
788
788
763
788
788
788
788
788
827
723
723
723
798
798
798
798
798
867
861
794
828
828
807
793
873
877
877
886
800
800
800
816
816
845
845
827
858
858
832
832
832
900
900
893
832
832
832
821
832
820
822
807
806
806
806
806
806
806
872
809
797
797
595
595
595
595
764
770
744
744
744
744
744
752
752
752
772
772
760
737
737
737
737
737
737
737
758
758
699
699
745
732
779
787
749
749
730
730
733
782
782
782
763
763
763
808
808
808
754
754
754
754
754
754
692
692
692
692
692
692
768
787
795
794
727
727
727
705
705
694
704
704
704
691
691
691
691
695
746
746
768
692
692
759
730
706
706
674
674
674
674
674
674
674
674
674
674
674
714
714
714
691
753
724
724
653
653
653
635
635
723
723
689
761
736
761
599
599
661
689
689
689
635
635
635
631
631
631
631
635
683
689
689
689
689
689
686
686
686
692
701
701
695
687
687
657
657
657
657
657
657
655
655
655
655
655
667
637
637
637
637
637
637
706
706
687
687
665
665
665
665
639
665
665
661
661
676
676
676
676
676
676
676
635
680
666
666
665
665
665
621
681
607
624
624
624
672
653
699
694
680
694
694
665
665
676
676
676
548
548
548
548
548
548
548
633
633
633
624
624
624
687
660
615
609
609
609
660
616
616
638
638
655
655
653
640
653
653
653
582
624
624
606
606
589
589
567
567
606
606
598
599
624
624
624
624
615
608
604
604
595
595
595
595
595
575
575
595
565
576
576
576
575
573
573
573
492
492
492
492
492
492
505
505
485
485
505
505
505
505
505
505
505
539
539
539
539
543
513
453
513
506
499
499
499
499
499
499
513
530
530
530
530
543
505
543
543
508
508
508
508
456
463
463
463
508
508
508
419
419
419
419
419
419
419
419
419
508
442
495
495
495
495
486
486
486
486
486
486
486
486
463
463
463
463
486
486
486
486
478
478
478
486
465
465
493
493
454
454
457
462
444
444
444
466
400
466
466
466
466
466
466
466
437
437
437
457
455
455
455
455
455
428
428
455
447
447
447
415
415
415
415
415
415
447
447
410
410
456
456
457
455
457
409
409
409
409
447
447
433
421
421
421
421
421
421
421
421
419
421
421
421
421
421
421
421
424
433
404
404
404
404
404
404
418
418
418
418
418
418
418
418
397
397
397
397
397
367
367
367
367
367
367
367
382
395
394
394
394
394
394
390
390
390
390
372
367
372
390
333
333
333
333
333
333
333
333
333
333
333
333
333
333
333
333
333
333
333
333
333
333
333
333
333
333
333
333
333
333
333
333
333
333
319
319
319
319
319
333
333
333
326
326
326
326
326
326
333
333
333
333
333
333
333
333
333
