1048
1048
1037
1048
1045
1063
959
959
1069
1086
1081
980
993
965
965
965
965
965
971
971
971
971
1018
974
1018
991
991
991
991
991
1038
980
980
1066
1038
995
995
922
922
922
922
922
986
1001
1001
1001
1001
1001
1002
1046
1046
1038
1007
1040
1049
1033
1033
953
953
953
937
1005
979
1037
1037
1007
987
935
894
975
981
981
982
1006
1006
1004
914
914
914
914
914
984
961
961
1008
921
921
941
941
941
941
999
992
1021
1015
951
988
988
938
1028
1028
934
923
923
923
923
923
947
947
947
960
960
830
966
966
970
957
957
957
957
955
955
929
890
890
904
911
929
833
833
982
1015
945
945
945
945
945
936
949
901
966
999
956
999
993
993
944
944
936
936
849
849
879
879
925
939
839
939
939
910
910
904
904
901
901
901
901
908
910
905
902
819
819
819
819
819
815
844
844
877
843
843
874
889
889
925
901
906
925
968
958
930
958
884
884
965
965
965
965
965
891
891
899
912
859
859
884
907
830
830
830
829
830
819
802
802
857
858
836
802
802
886
900
956
968
924
887
910
910
910
919
978
898
898
898
973
905
905
866
866
866
928
836
928
928
916
916
916
854
854
888
879
854
800
854
869
869
881
881
881
853
853
844
840
840
840
840
879
879
893
863
863
863
806
806
806
904
920
931
907
884
817
817
925
867
804
918
838
838
902
865
865
865
837
801
865
865
864
865
865
864
820
770
770
767
767
864
864
857
857
879
738
897
842
791
791
791
801
831
831
831
831
831
730
730
730
794
831
862
858
858
822
849
812
812
782
782
782
782
782
782
839
810
759
815
678
783
832
770
770
734
734
734
734
734
734
734
734
734
734
734
728
728
728
728
728
728
728
728
788
788
798
728
728
728
720
720
776
769
781
816
792
791
792
792
733
736
759
759
759
645
645
645
645
645
645
645
610
610
610
610
595
708
708
687
687
708
687
718
718
718
718
737
737
737
682
682
672
672
672
740
658
740
638
638
638
648
718
655
655
694
687
623
623
566
566
566
585
585
585
585
583
583
583
667
695
654
654
654
656
656
638
638
638
638
638
652
652
706
706
675
675
675
639
639
639
639
639
639
588
624
579
579
579
657
662
657
657
657
643
657
656
624
628
628
628
656
515
515
663
515
649
626
591
649
649
649
612
612
606
606
606
571
606
606
606
606
606
606
606
588
571
571
571
571
571
557
557
557
557
557
557
557
557
557
557
530
530
530
530
530
530
532
532
532
532
532
532
539
539
539
539
539
539
539
539
481
566
538
566
577
577
577
577
568
481
481
481
481
481
481
481
481
481
481
481
539
540
538
534
534
534
534
540
522
522
518
495
495
518
519
518
518
519
518
518
517
480
480
480
474
474
480
480
480
480
480
480
480
533
519
519
519
506
496
457
457
457
457
481
454
457
457
457
457
457
457
457
457
469
469
511
457
469
469
469
469
477
445
445
445
445
450
450
450
450
450
466
496
457
457
457
457
457
457
457
457
466
466
466
466
466
466
466
466
466
466
466
466
475
469
457
457
475
458
472
475
475
392
465
465
457
420
420
420
465
464
475
475
464
475
475
475
453
464
464
464
464
464
443
443
443
443
443
417
443
475
474
472
469
472
472
472
472
432
432
449
459
463
457
457
457
453
457
469
475
475
475
468
468
468
468
468
450
450
472
467
440
466
450
450
450
467
443
434
434
471
456
459
451
431
431
448
448
395
448
450
447
447
448
439
439
439
439
440
440
425
395
395
395
442
439
450
429
446
446
442
442
435
442
442
442
440
442
440
440
440
440
440
425
442
442
433
433
433
431
431
431
424
424
437
440
440
440
440
440
440
440
440
440
440
440
440
420
420
420
440
425
435
435
435
435
435
435
403
403
403
417
424
424
424
424
403
424
424
424
424
424
424
424
424
424
424
424
432
432
432
432
432
438
438
438
438
430
430
430
430
430
435
438
438
438
438
437
433
438
438
438
438
438
438
438
429
429
426
426
426
429
438
412
412
426
426
426
425
412
425
419
403
403
385
385
385
385
385
403
403
420
437
403
430
430
437
429
440
440
440
438
438
438
438
403
403
403
419
403
403
403
420
420
417
420
420
420
420
420
419
419
419
419
404
419
419
419
420
420
420
420
419
419
419
419
419
419
404
403
404
403
403
403
420
420
420
420
409
403
403
403
403
403
388
388
388
388
388
388
388
388
388
383
388
388
388
388
383
383
388
388
388
388
388
388
387
387
387
388
388
388
388
388
388
388
387
388
388
388
388
388
388
388
388
388
383
387
387
387
387
388
388
388
