1022
1126
1110
1070
1050
1014
1068
867
980
1052
1052
1052
1039
1039
964
964
964
964
965
947
961
965
962
958
932
932
932
932
933
983
983
944
944
984
1028
908
1028
1026
1002
1009
1015
1044
1046
1046
1046
918
918
918
918
918
918
1016
1016
1030
1026
903
903
855
855
891
891
920
996
996
996
803
1002
992
1023
866
908
908
906
888
906
1015
1015
1015
1011
995
996
998
969
941
995
1029
1029
996
996
943
814
814
814
814
814
765
765
765
735
735
735
735
735
735
735
735
735
735
735
943
943
914
959
951
951
951
951
957
958
958
958
978
951
951
951
985
939
984
985
971
971
922
922
922
922
922
922
922
922
922
922
922
922
836
836
836
836
836
836
924
994
924
924
962
936
936
936
936
973
995
954
938
938
938
927
927
880
880
880
880
960
960
960
974
974
974
974
939
939
939
929
912
939
940
969
905
953
953
953
997
997
991
896
941
911
911
887
887
935
935
932
932
939
939
862
862
917
904
934
934
902
902
902
926
976
976
977
977
877
877
877
877
917
930
911
930
930
930
904
949
952
955
1010
1013
865
865
862
862
862
862
862
865
902
902
902
848
848
963
950
950
931
931
931
931
885
885
913
949
936
936
936
980
979
980
973
904
877
877
952
933
933
967
967
929
940
940
931
943
925
895
925
919
892
835
835
835
899
899
852
852
852
852
852
852
852
847
847
847
852
852
852
852
852
758
758
758
758
758
758
778
778
778
778
778
762
778
809
809
809
798
809
783
836
815
866
854
913
912
913
913
726
726
817
817
817
850
850
850
850
850
850
877
877
928
928
877
870
870
870
887
887
865
807
807
807
807
807
807
807
788
788
788
783
783
788
910
858
858
891
891
877
862
816
816
816
807
807
870
854
854
871
871
871
871
808
842
865
865
835
862
862
862
915
876
876
876
781
781
781
781
898
912
913
913
865
865
934
934
889
853
861
852
827
827
807
827
803
808
808
811
811
816
880
866
843
786
786
786
844
851
864
892
903
903
866
866
911
911
911
812
812
891
907
857
846
830
816
830
830
868
868
868
837
817
817
847
847
847
847
850
850
773
773
827
859
909
875
903
903
841
841
875
844
844
844
850
850
810
768
768
768
768
768
827
827
850
850
850
858
858
858
858
809
898
857
849
849
823
823
849
849
788
788
798
798
828
828
828
854
766
766
766
766
766
766
865
852
852
852
802
791
791
791
791
826
739
739
719
719
719
719
661
661
661
719
719
666
719
761
724
732
765
757
765
765
768
768
768
755
828
828
828
854
854
840
834
834
834
849
789
819
701
691
691
768
780
780
752
717
780
780
787
787
769
802
788
802
799
740
777
777
777
760
760
775
702
793
821
773
773
773
646
686
773
773
705
745
832
801
801
671
671
671
777
752
733
733
749
737
737
737
737
737
737
755
755
732
732
698
698
698
698
698
698
698
698
754
702
702
702
702
702
720
720
720
720
720
720
720
740
740
764
776
763
679
679
679
679
713
713
648
648
728
726
726
680
726
726
761
742
761
761
703
724
713
738
727
738
720
683
683
683
683
683
666
666
666
666
666
666
620
692
692
692
692
692
692
732
732
727
732
708
708
760
765
745
725
734
734
711
695
752
767
732
602
629
629
602
602
602
630
630
640
652
652
694
694
634
634
710
710
710
710
735
711
711
711
677
677
677
702
702
700
700
617
617
617
617
709
709
709
622
622
654
654
710
710
714
673
691
728
682
682
682
620
693
693
693
693
693
693
693
701
673
682
704
640
691
687
687
687
687
660
660
647
691
691
691
691
662
662
656
656
636
636
636
636
636
636
636
664
664
664
675
650
650
650
641
651
696
661
696
662
662
662
662
650
662
605
605
648
639
605
626
626
626
692
696
696
651
651
651
651
651
622
622
622
622
643
643
643
643
678
666
659
659
649
659
659
659
628
671
620
620
631
631
631
631
631
631
631
631
616
661
644
648
648
661
647
647
647
665
656
656
656
676
679
679
679
665
631
631
561
643
643
643
643
663
686
645
645
675
675
661
678
678
648
670
650
650
665
604
649
635
635
598
515
515
613
613
613
613
635
635
553
553
590
590
594
521
521
521
499
499
499
499
608
608
608
608
622
592
596
594
594
634
576
576
600
600
580
580
580
587
587
587
548
591
615
615
615
615
610
610
610
610
610
601
601
620
628
610
610
585
577
577
584
585
614
614
614
530
530
530
555
555
555
582
530
592
582
580
558
558
558
580
580
588
588
588
588
588
598
548
555
555
560
560
562
504
504
562
587
523
561
515
567
603
554
554
