1091
1091
1091
1091
966
966
966
910
910
910
910
910
910
910
1086
1061
1021
1052
1052
1052
1032
988
988
1005
1005
1005
997
997
997
997
1023
999
999
959
959
959
959
893
959
959
959
959
959
1030
1030
860
860
922
922
922
922
976
1005
1005
1005
926
982
1020
1020
1001
863
766
863
863
863
863
955
955
955
955
992
992
939
920
920
999
1020
1018
1020
946
946
921
921
915
915
917
917
917
917
1013
1044
1044
918
918
918
873
1014
996
1012
902
902
902
866
866
866
914
914
968
968
987
984
984
984
983
925
925
976
966
999
999
885
885
885
973
970
872
872
872
932
932
932
981
902
902
902
939
970
972
986
980
986
924
953
953
920
953
953
862
862
899
899
1010
950
979
1022
926
926
823
823
869
875
875
875
932
932
932
992
992
1006
957
831
831
831
900
984
939
939
939
906
906
939
938
938
882
882
876
908
911
911
938
938
846
846
846
846
846
846
903
903
903
903
884
884
884
884
903
903
892
922
972
966
930
966
966
798
798
798
798
798
798
798
798
883
890
933
933
932
929
929
921
921
951
951
874
822
822
822
822
859
907
907
902
902
875
875
875
933
856
856
963
988
988
977
942
933
933
900
900
764
764
764
764
891
901
901
901
901
871
871
808
871
917
890
890
890
889
857
893
826
873
873
873
873
861
861
862
936
936
928
898
922
935
825
825
818
836
834
834
834
834
834
834
834
834
893
898
906
870
870
850
802
757
757
757
757
757
757
684
684
684
684
684
862
818
818
804
803
710
710
710
710
710
710
710
710
710
710
799
799
799
799
799
799
809
798
798
798
798
779
793
812
812
750
750
750
750
699
699
699
699
699
699
699
745
745
745
745
711
711
711
711
711
711
711
796
787
787
787
714
714
714
714
714
714
792
792
795
781
781
781
781
781
781
788
777
738
738
738
738
738
770
770
773
788
799
799
799
799
763
763
815
798
800
784
784
784
784
747
747
747
788
788
797
797
727
707
592
707
707
707
707
660
707
673
707
707
736
742
772
728
728
734
754
747
747
747
753
705
669
657
657
657
657
659
725
752
752
760
760
760
760
689
689
689
689
732
726
726
666
704
629
629
629
629
629
683
683
678
749
749
748
699
699
733
673
681
721
721
698
698
647
647
617
617
689
648
648
691
691
691
621
670
651
634
668
668
627
627
627
663
663
655
669
602
602
602
602
602
602
602
633
660
660
681
687
687
687
687
687
687
687
707
740
731
727
731
669
669
669
642
642
732
661
661
661
661
661
661
661
640
640
623
623
689
583
583
573
620
620
685
695
710
716
706
716
694
694
728
690
661
702
702
693
608
619
619
619
619
619
619
619
619
619
653
653
558
558
605
605
605
605
605
674
668
668
670
635
635
596
635
635
635
635
635
654
641
641
641
641
666
676
657
650
650
641
641
641
641
623
650
650
535
535
535
642
618
618
640
629
636
640
640
650
650
630
612
612
630
485
485
485
485
535
535
540
540
540
572
572
572
572
566
566
558
558
548
548
589
612
581
544
581
539
570
570
570
547
547
547
572
566
526
566
582
585
585
533
560
542
542
552
552
460
460
521
533
506
506
509
509
526
526
526
509
482
482
482
509
470
470
509
509
509
509
509
522
522
522
513
513
522
473
491
491
442
442
442
442
442
442
442
418
418
418
418
442
442
442
442
442
475
475
472
456
456
442
442
442
475
475
478
478
478
478
478
465
456
456
456
456
444
456
468
478
490
508
508
470
465
465
444
444
444
448
444
448
448
444
444
444
479
484
438
438
484
397
397
397
480
417
417
480
467
480
475
475
475
471
429
429
429
429
444
444
444
444
444
453
454
453
453
453
462
441
402
402
402
402
402
402
402
402
392
402
402
402
398
402
446
446
438
442
438
438
432
432
432
432
431
434
443
443
443
443
438
438
438
452
463
450
450
450
447
437
413
413
413
413
413
413
413
432
413
413
413
413
413
413
413
413
404
404
404
404
404
404
404
404
417
418
404
404
404
382
382
382
404
404
404
404
404
404
404
404
404
405
405
385
385
385
410
410
385
385
385
385
385
368
368
368
368
368
368
409
409
409
409
409
409
409
394
407
407
388
388
408
408
408
408
388
388
388
388
381
388
388
388
388
388
388
388
363
363
363
363
363
388
389
389
389
389
389
396
396
396
380
388
396
380
381
392
381
381
381
381
388
388
388
388
388
388
388
388
388
388
360
388
337
388
381
381
381
388
388
381
381
381
381
381
388
388
388
371
388
363
363
363
363
363
363
363
362
362
363
363
363
363
363
363
363
