1110
1102
1102
966
966
1076
1076
1112
1104
1112
1112
1090
1090
992
992
992
992
1058
1074
899
1009
1074
954
954
954
993
1029
1056
979
979
1011
1011
1069
1033
1014
1014
1014
1009
989
995
995
995
995
1079
1049
921
921
940
940
928
928
981
966
966
966
966
1002
900
967
1008
1001
955
955
955
930
930
953
953
952
955
955
966
966
976
976
962
976
976
974
976
968
968
883
883
883
883
883
883
883
883
883
891
891
913
913
913
913
1000
1000
1000
1002
951
964
921
897
897
897
994
971
971
971
944
944
944
992
992
1019
989
989
989
1019
1022
1022
1022
960
960
905
905
954
878
878
878
878
878
954
969
969
1020
1020
1022
943
943
848
848
848
848
903
914
914
914
970
808
808
889
938
926
926
938
938
868
922
922
922
915
915
863
863
969
976
917
917
937
826
826
826
871
841
841
871
941
941
836
836
836
901
905
905
843
886
712
886
873
857
822
844
889
889
900
866
866
866
871
871
884
906
935
913
935
935
858
836
822
830
830
830
816
901
901
858
858
874
906
895
906
906
906
798
798
798
893
852
852
852
852
859
859
859
873
873
812
866
906
906
906
894
894
889
889
922
897
824
886
886
886
828
888
835
888
885
885
888
888
888
870
881
841
892
904
876
876
876
852
850
850
797
836
815
815
777
811
732
732
732
732
732
732
893
819
819
870
901
901
901
865
891
870
868
829
854
893
893
934
894
889
889
891
825
825
816
825
825
864
771
877
866
823
689
689
689
873
793
793
693
679
679
881
860
881
881
881
845
871
768
768
768
768
768
853
856
839
839
839
797
797
815
815
734
734
734
734
789
789
842
842
738
738
738
738
738
770
768
768
768
768
768
768
768
766
768
847
817
814
813
847
778
833
827
805
827
739
855
804
788
788
788
785
785
785
727
785
756
756
756
756
756
756
756
756
833
726
726
820
820
818
852
771
823
817
794
793
793
793
793
811
811
732
732
790
763
763
763
777
777
777
777
777
777
777
777
819
793
717
803
803
831
682
784
784
770
784
814
772
772
795
722
795
841
753
753
753
753
763
850
843
832
820
731
824
786
805
786
807
797
807
757
723
723
723
723
723
723
723
723
723
723
758
750
774
774
813
797
813
779
779
756
752
752
752
752
752
752
817
802
813
768
777
788
788
785
818
818
772
721
772
772
764
724
724
724
784
779
770
770
755
716
715
715
715
715
717
750
771
740
768
674
771
771
771
771
715
776
733
750
741
750
750
750
741
743
733
721
716
705
705
702
702
702
692
692
700
687
687
655
655
655
655
625
655
655
698
678
681
698
724
719
719
655
655
655
655
670
655
655
655
679
681
681
681
681
625
625
625
625
645
645
630
671
705
705
674
635
635
635
635
658
653
653
653
653
653
653
620
620
611
611
611
589
589
607
620
620
620
632
632
656
656
661
627
627
627
627
627
627
613
613
613
664
664
664
664
664
664
664
637
573
672
614
623
623
576
576
576
576
601
601
601
605
567
645
645
629
609
609
630
612
626
603
601
601
601
601
601
601
601
611
611
609
609
603
609
611
611
611
611
611
572
587
587
587
577
577
577
578
583
578
578
574
574
574
574
574
582
582
539
582
582
587
587
624
626
552
552
552
552
552
552
554
554
567
567
567
567
567
567
558
558
542
558
558
558
557
557
557
557
557
553
574
508
508
508
508
508
508
508
508
508
508
508
509
509
509
523
538
538
538
525
525
525
486
525
525
550
546
545
531
531
531
527
518
527
527
527
527
527
527
527
527
460
527
517
517
515
515
515
527
553
550
545
517
527
515
515
452
452
537
522
522
522
516
522
505
504
504
504
504
504
504
504
519
523
523
495
495
537
546
495
495
495
501
454
454
454
454
454
490
490
490
490
490
506
505
487
505
506
506
484
484
490
489
489
489
489
489
449
489
490
494
494
498
494
498
498
498
498
473
467
473
473
473
473
473
473
473
473
473
473
473
473
473
473
473
457
473
473
469
469
447
469
469
509
510
469
469
461
461
468
479
469
469
469
477
477
487
487
487
489
475
475
475
480
480
489
489
489
493
493
493
493
454
454
473
473
473
473
473
462
370
414
414
414
414
463
370
370
370
370
370
370
370
424
424
424
424
424
424
453
424
424
424
424
424
424
424
424
424
424
424
424
424
454
422
422
422
424
424
453
453
453
453
419
419
419
419
419
419
419
419
445
451
421
421
421
426
426
426
426
444
444
439
397
439
439
439
414
414
414
396
439
431
439
416
416
416
416
414
414
408
408
414
414
414
414
414
414
414
428
428
428
426
426
