983
945
983
980
980
980
980
1025
1075
1087
1051
1061
1105
1097
1094
1055
1028
1006
899
1088
1077
1076
1056
972
996
972
972
972
1013
946
946
946
946
1012
1032
1032
1033
1033
1033
1043
1048
1048
1025
1074
1074
1074
1074
1074
908
908
908
965
975
975
975
863
863
865
865
865
982
982
982
970
934
934
972
972
939
968
972
971
983
972
951
951
931
931
931
931
931
931
931
931
953
923
923
923
821
932
950
950
950
936
981
981
963
859
859
963
906
906
913
913
913
913
967
930
930
930
969
935
926
926
926
926
926
926
926
921
921
921
921
921
921
921
921
978
998
1032
1003
962
984
977
977
977
977
977
901
901
901
934
934
954
954
954
954
932
932
949
1002
957
957
957
957
957
952
809
809
952
925
925
921
921
921
935
922
922
864
864
864
864
945
960
893
921
949
960
960
938
938
928
964
927
927
950
950
951
897
891
891
935
954
967
864
864
946
946
930
930
888
888
930
930
889
889
889
889
889
889
889
889
889
962
891
949
949
927
886
886
828
906
941
941
901
874
849
849
849
901
912
972
911
888
888
888
938
946
877
877
877
877
877
913
933
933
933
941
941
941
862
865
865
931
869
941
941
941
955
884
905
902
902
911
902
956
883
978
977
911
911
911
841
882
882
882
921
921
917
921
921
921
937
924
918
876
850
899
880
915
870
870
958
956
910
910
896
772
772
772
772
798
798
839
927
930
930
912
893
893
893
894
907
907
907
910
904
923
918
907
907
907
907
907
951
947
950
931
931
887
887
887
891
941
952
833
902
923
937
937
834
938
940
939
939
939
977
953
941
894
894
894
937
873
882
882
929
929
929
879
903
875
865
822
822
822
822
822
865
865
865
865
865
865
865
865
865
865
865
865
865
917
899
887
887
926
926
907
934
915
915
845
845
845
845
877
877
877
877
911
858
858
858
858
877
858
856
858
868
868
858
905
891
805
872
891
881
849
849
849
849
849
837
804
772
772
782
766
766
782
793
789
793
793
794
814
860
860
861
822
853
811
845
845
836
897
805
805
805
805
805
910
915
863
856
828
856
894
900
813
764
764
865
911
899
831
811
811
811
811
763
763
707
707
707
707
707
776
776
776
776
792
768
722
722
722
805
700
700
700
700
700
759
885
858
805
805
843
843
747
